matrix([[ 1090,  -166, -1479],
        [ 1133,  -220,    -6],
        [ -323,  1508,  1095],
        [   54,   -17, -1651],
        [ -442,  -685,  -480],
        [ -961,   262,  -500],
        [ -685,  -880,  1227],
        [  -94, -1177, -1302],
        [-1336,  1252,  1215],
        [   51, -1226, -1221],
        [ 1282,   775, -1099],
        [  -26,  -181,   133],
        [ -769,   242,  -432],
        [-1050,   202,   254],
        [  115, -1219, -1464],
        [  209,   937,     0],
        [ 1158,   238,  1257],
        [-1220,  -161,   164],
        [ -276,  1780,  -106],
        [   32,  -162,   878],
        [  593,  -468,  -628],
        [  266,  -444,   514],
        [ 1250,    81,  1373],
        [  -34,   546,    68],
        [ 1012,   182,   791]])
matrix([[ 1090, -1010,  -323],
        [ 1133, -1066,   824],
        [ -323,  -326,   373],
        [   54, -1333,    65],
        [ -442,  -961,  -436],
        [ -961,  -976,  1194],
        [ -685,   258,  -465],
        [  -94,  -455,   152],
        [-1336,    46,   311],
        [   51,  -422,   -21],
        [ 1282,   -85,   -35],
        [  -26,  1341,  1201],
        [ -769,  -900,  1068],
        [-1050,  1534, -1368],
        [  115,   -35,  -316],
        [  209,  -153,  -954],
        [ 1158,  1220,   199],
        [-1220,  1209,  1204],
        [ -276,   -90,  -954],
        [   32, -1240,   -10],
        [  593,   402,   486],
        [  266,  1082, -1272],
        [ 1250,  1079,   -49],
        [  -34,  1254, -1170],
        [ 1012, -1596,    11]])
matrix([[ -282,  -166,  -323],
        [  -77,  -220,   824],
        [-1353,  1508,   373],
        [  726,   -17,    65],
        [ -632,  -685,  -436],
        [   -9,   262,  1194],
        [   -5,  -880,  -465],
        [-1228, -1177,   152],
        [ -416,  1252,   311],
        [-1287, -1226,   -21],
        [ -176,   775,   -35],
        [  974,  -181,  1201],
        [ -125,   242,  1068],
        [ -118,   202, -1368],
        [  973, -1219,  -316],
        [  919,   937,  -954],
        [ -248,   238,   199],
        [ -564,  -161,  1204],
        [-1102,  1780,  -954],
        [  814,  -162,   -10],
        [ -579,  -468,   486],
        [  994,  -444, -1272],
        [ -364,    81,   -49],
        [-1544,   546, -1170],
        [  -94,   182,    11]])
matrix([[ -282, -1010, -1479],
        [  -77, -1066,    -6],
        [-1353,  -326,  1095],
        [  726, -1333, -1651],
        [ -632,  -961,  -480],
        [   -9,  -976,  -500],
        [   -5,   258,  1227],
        [-1228,  -455, -1302],
        [ -416,    46,  1215],
        [-1287,  -422, -1221],
        [ -176,   -85, -1099],
        [  974,  1341,   133],
        [ -125,  -900,  -432],
        [ -118,  1534,   254],
        [  973,   -35, -1464],
        [  919,  -153,     0],
        [ -248,  1220,  1257],
        [ -564,  1209,   164],
        [-1102,   -90,  -106],
        [  814, -1240,   878],
        [ -579,   402,  -628],
        [  994,  1082,   514],
        [ -364,  1079,  1373],
        [-1544,  1254,    68],
        [  -94, -1596,   791]])
matrix([[ 1090,   -10,  -479],
        [ 1133,  -228,   832],
        [ -323,   230,  1651],
        [   54,   183,  -135],
        [ -442,  -801,  -320],
        [ -961,   490,   966],
        [ -685, -1157,  -188],
        [  -94,   -89,  -936],
        [-1336,   197,  1366],
        [   51,  -224, -1023],
        [ 1282,   877,  -137],
        [  -26,  1114,   -94],
        [ -769,   421,   889],
        [-1050,    57, -1223],
        [  115,   -53, -1482],
        [  209,   -85,    68],
        [ 1158,   200,   237],
        [-1220,  1044,    -1],
        [ -276,   421,   405],
        [   32, -1145,   973],
        [  593,   524,  -506],
        [  266,  -574, -1142],
        [ 1250,  -131,   163],
        [  -34,   281,  -905],
        [ 1012, -1097,  1290]])
matrix([[ 1090, -1166, -1323],
        [ 1133, -1058,   -14],
        [ -323,   952,  -183],
        [   54, -1533, -1451],
        [ -442,  -845,  -596],
        [ -961, -1204,  -272],
        [ -685,   535,   950],
        [  -94, -1543,  -214],
        [-1336,  1101,   160],
        [   51, -1424,  -219],
        [ 1282,  -187,  -997],
        [  -26,    46,  1428],
        [ -769, -1079,  -253],
        [-1050,  1679,   109],
        [  115, -1201,  -298],
        [  209,   869, -1022],
        [ 1158,  1258,  1219],
        [-1220,     4,  1369],
        [ -276,  1269, -1465],
        [   32,  -257,  -105],
        [  593,  -590,   364],
        [  266,  1212,   384],
        [ 1250,  1291,  1161],
        [  -34,  1519,  -197],
        [ 1012,  -317,  -488]])
matrix([[ -282, -1166,  -479],
        [  -77, -1058,   832],
        [-1353,   952,  1651],
        [  726, -1533,  -135],
        [ -632,  -845,  -320],
        [   -9, -1204,   966],
        [   -5,   535,  -188],
        [-1228, -1543,  -936],
        [ -416,  1101,  1366],
        [-1287, -1424, -1023],
        [ -176,  -187,  -137],
        [  974,    46,   -94],
        [ -125, -1079,   889],
        [ -118,  1679, -1223],
        [  973, -1201, -1482],
        [  919,   869,    68],
        [ -248,  1258,   237],
        [ -564,     4,    -1],
        [-1102,  1269,   405],
        [  814,  -257,   973],
        [ -579,  -590,  -506],
        [  994,  1212, -1142],
        [ -364,  1291,   163],
        [-1544,  1519,  -905],
        [  -94,  -317,  1290]])
matrix([[ -282,   -10, -1323],
        [  -77,  -228,   -14],
        [-1353,   230,  -183],
        [  726,   183, -1451],
        [ -632,  -801,  -596],
        [   -9,   490,  -272],
        [   -5, -1157,   950],
        [-1228,   -89,  -214],
        [ -416,   197,   160],
        [-1287,  -224,  -219],
        [ -176,   877,  -997],
        [  974,  1114,  1428],
        [ -125,   421,  -253],
        [ -118,    57,   109],
        [  973,   -53,  -298],
        [  919,   -85, -1022],
        [ -248,   200,  1219],
        [ -564,  1044,  1369],
        [-1102,   421, -1465],
        [  814, -1145,  -105],
        [ -579,   524,   364],
        [  994,  -574,   384],
        [ -364,  -131,  1161],
        [-1544,   281,  -197],
        [  -94, -1097,  -488]])
matrix([[  826,    98,  -323],
        [  951,   -38,   824],
        [   79,  1106,   373],
        [ 1048, -1011,    65],
        [ -399,  -728,  -436],
        [  134,  -833,  1194],
        [ -914,  -651,  -465],
        [-1022,  -249,   152],
        [ -273,   189,   311],
        [-1020,  -155,   -21],
        [  983,  1074,   -35],
        [ -287,    80,  1201],
        [  124,  -651,  1068],
        [-1250,   402, -1368],
        [  -48, -1056,  -316],
        [ 1109,    37,  -954],
        [  -36,  1432,   199],
        [-1577,   196,  1204],
        [  246,  1258,  -954],
        [  962, -1092,   -10],
        [ -428,   553,   486],
        [ -133,   -45, -1272],
        [  -56,  1387,   -49],
        [-1143,  1655, -1170],
        [ 1348,  -154,    11]])
matrix([[  -18,    98, -1479],
        [  105,   -38,    -6],
        [-1755,  1106,  1095],
        [ -268, -1011, -1651],
        [ -675,  -728,  -480],
        [-1104,  -833,  -500],
        [  224,  -651,  1227],
        [ -300,  -249, -1302],
        [-1479,   189,  1215],
        [ -216,  -155, -1221],
        [  123,  1074, -1099],
        [ 1235,    80,   133],
        [-1018,  -651,  -432],
        [   82,   402,   254],
        [ 1136, -1056, -1464],
        [   19,    37,     0],
        [  946,  1432,  1257],
        [ -207,   196,   164],
        [-1624,  1258,  -106],
        [ -116, -1092,   878],
        [  442,   553,  -628],
        [ 1393,   -45,   514],
        [  942,  1387,  1373],
        [ -435,  1655,    68],
        [ -430,  -154,   791]])
matrix([[  826, -1274, -1479],
        [  951, -1248,    -6],
        [   79,    76,  1095],
        [ 1048,  -339, -1651],
        [ -399,  -918,  -480],
        [  134,   119,  -500],
        [ -914,    29,  1227],
        [-1022, -1383, -1302],
        [ -273,  1109,  1215],
        [-1020, -1493, -1221],
        [  983,  -384, -1099],
        [ -287,  1080,   133],
        [  124,    -7,  -432],
        [-1250,  1334,   254],
        [  -48,  -198, -1464],
        [ 1109,   747,     0],
        [  -36,    26,  1257],
        [-1577,   852,   164],
        [  246,   432,  -106],
        [  962,  -310,   878],
        [ -428,  -619,  -628],
        [ -133,   683,   514],
        [  -56,  -227,  1373],
        [-1143,   145,    68],
        [ 1348, -1260,   791]])
matrix([[  -18, -1274,  -323],
        [  105, -1248,   824],
        [-1755,    76,   373],
        [ -268,  -339,    65],
        [ -675,  -918,  -436],
        [-1104,   119,  1194],
        [  224,    29,  -465],
        [ -300, -1383,   152],
        [-1479,  1109,   311],
        [ -216, -1493,   -21],
        [  123,  -384,   -35],
        [ 1235,  1080,  1201],
        [-1018,    -7,  1068],
        [   82,  1334, -1368],
        [ 1136,  -198,  -316],
        [   19,   747,  -954],
        [  946,    26,   199],
        [ -207,   852,  1204],
        [-1624,   432,  -954],
        [ -116,  -310,   -10],
        [  442,  -619,   486],
        [ 1393,   683, -1272],
        [  942,  -227,   -49],
        [ -435,   145, -1170],
        [ -430, -1260,    11]])
matrix([[ -174,    98,  -479],
        [  113,   -38,   832],
        [ -477,  1106,  1651],
        [ -468, -1011,  -135],
        [ -559,  -728,  -320],
        [-1332,  -833,   966],
        [  501,  -651,  -188],
        [-1388,  -249,  -936],
        [ -424,   189,  1366],
        [-1218,  -155, -1023],
        [   21,  1074,  -137],
        [  -60,    80,   -94],
        [-1197,  -651,   889],
        [  227,   402, -1223],
        [  -30, -1056, -1482],
        [ 1041,    37,    68],
        [  984,  1432,   237],
        [-1412,   196,    -1],
        [ -265,  1258,   405],
        [  867, -1092,   973],
        [ -550,   553,  -506],
        [ 1523,   -45, -1142],
        [ 1154,  1387,   163],
        [ -170,  1655,  -905],
        [  849,  -154,  1290]])
matrix([[  982,    98, -1323],
        [  943,   -38,   -14],
        [-1199,  1106,  -183],
        [ 1248, -1011, -1451],
        [ -515,  -728,  -596],
        [  362,  -833,  -272],
        [-1191,  -651,   950],
        [   66,  -249,  -214],
        [-1328,   189,   160],
        [  -18,  -155,  -219],
        [ 1085,  1074,  -997],
        [ 1008,    80,  1428],
        [  303,  -651,  -253],
        [-1395,   402,   109],
        [ 1118, -1056,  -298],
        [   87,    37, -1022],
        [  -74,  1432,  1219],
        [ -372,   196,  1369],
        [-1113,  1258, -1465],
        [  -21, -1092,  -105],
        [  564,   553,   364],
        [ -263,   -45,   384],
        [ -268,  1387,  1161],
        [-1408,  1655,  -197],
        [   69,  -154,  -488]])
matrix([[  982, -1274,  -479],
        [  943, -1248,   832],
        [-1199,    76,  1651],
        [ 1248,  -339,  -135],
        [ -515,  -918,  -320],
        [  362,   119,   966],
        [-1191,    29,  -188],
        [   66, -1383,  -936],
        [-1328,  1109,  1366],
        [  -18, -1493, -1023],
        [ 1085,  -384,  -137],
        [ 1008,  1080,   -94],
        [  303,    -7,   889],
        [-1395,  1334, -1223],
        [ 1118,  -198, -1482],
        [   87,   747,    68],
        [  -74,    26,   237],
        [ -372,   852,    -1],
        [-1113,   432,   405],
        [  -21,  -310,   973],
        [  564,  -619,  -506],
        [ -263,   683, -1142],
        [ -268,  -227,   163],
        [-1408,   145,  -905],
        [   69, -1260,  1290]])
matrix([[ -174, -1274, -1323],
        [  113, -1248,   -14],
        [ -477,    76,  -183],
        [ -468,  -339, -1451],
        [ -559,  -918,  -596],
        [-1332,   119,  -272],
        [  501,    29,   950],
        [-1388, -1383,  -214],
        [ -424,  1109,   160],
        [-1218, -1493,  -219],
        [   21,  -384,  -997],
        [  -60,  1080,  1428],
        [-1197,    -7,  -253],
        [  227,  1334,   109],
        [  -30,  -198,  -298],
        [ 1041,   747, -1022],
        [  984,    26,  1219],
        [-1412,   852,  1369],
        [ -265,   432, -1465],
        [  867,  -310,  -105],
        [ -550,  -619,   364],
        [ 1523,   683,   384],
        [ 1154,  -227,  1161],
        [ -170,   145,  -197],
        [  849, -1260,  -488]])
matrix([[  826, -1166,  -215],
        [  951, -1058,  1014],
        [   79,   952,  1249],
        [ 1048, -1533, -1129],
        [ -399,  -845,  -363],
        [  134, -1204,  -129],
        [ -914,   535,    41],
        [-1022, -1543,    -8],
        [ -273,  1101,   303],
        [-1020, -1424,    48],
        [  983,  -187,   162],
        [ -287,    46,   167],
        [  124, -1079,    -4],
        [-1250,  1679, -1023],
        [  -48, -1201, -1319],
        [ 1109,   869,  -832],
        [  -36,  1258,  1431],
        [-1577,     4,   356],
        [  246,  1269,  -117],
        [  962,  -257,    43],
        [ -428,  -590,   515],
        [ -133,  1212,  -743],
        [  -56,  1291,  1469],
        [-1143,  1519,   204],
        [ 1348,  -317,   954]])
matrix([[  -18,   -10,  -215],
        [  105,  -228,  1014],
        [-1755,   230,  1249],
        [ -268,   183, -1129],
        [ -675,  -801,  -363],
        [-1104,   490,  -129],
        [  224, -1157,    41],
        [ -300,   -89,    -8],
        [-1479,   197,   303],
        [ -216,  -224,    48],
        [  123,   877,   162],
        [ 1235,  1114,   167],
        [-1018,   421,    -4],
        [   82,    57, -1023],
        [ 1136,   -53, -1319],
        [   19,   -85,  -832],
        [  946,   200,  1431],
        [ -207,  1044,   356],
        [-1624,   421,  -117],
        [ -116, -1145,    43],
        [  442,   524,   515],
        [ 1393,  -574,  -743],
        [  942,  -131,  1469],
        [ -435,   281,   204],
        [ -430, -1097,   954]])
matrix([[  826,   -10, -1587],
        [  951,  -228,  -196],
        [   79,   230,   219],
        [ 1048,   183,  -457],
        [ -399,  -801,  -553],
        [  134,   490,   823],
        [ -914, -1157,   721],
        [-1022,   -89, -1142],
        [ -273,   197,  1223],
        [-1020,  -224, -1290],
        [  983,   877, -1296],
        [ -287,  1114,  1167],
        [  124,   421,   640],
        [-1250,    57,   -91],
        [  -48,   -53,  -461],
        [ 1109,   -85,  -122],
        [  -36,   200,    25],
        [-1577,  1044,  1012],
        [  246,   421,  -943],
        [  962, -1145,   825],
        [ -428,   524,  -657],
        [ -133,  -574,   -15],
        [  -56,  -131,  -145],
        [-1143,   281, -1306],
        [ 1348, -1097,  -152]])
matrix([[  -18, -1166, -1587],
        [  105, -1058,  -196],
        [-1755,   952,   219],
        [ -268, -1533,  -457],
        [ -675,  -845,  -553],
        [-1104, -1204,   823],
        [  224,   535,   721],
        [ -300, -1543, -1142],
        [-1479,  1101,  1223],
        [ -216, -1424, -1290],
        [  123,  -187, -1296],
        [ 1235,    46,  1167],
        [-1018, -1079,   640],
        [   82,  1679,   -91],
        [ 1136, -1201,  -461],
        [   19,   869,  -122],
        [  946,  1258,    25],
        [ -207,     4,  1012],
        [-1624,  1269,  -943],
        [ -116,  -257,   825],
        [  442,  -590,  -657],
        [ 1393,  1212,   -15],
        [  942,  1291,  -145],
        [ -435,  1519, -1306],
        [ -430,  -317,  -152]])
matrix([[  982,  -166,  -215],
        [  943,  -220,  1014],
        [-1199,  1508,  1249],
        [ 1248,   -17, -1129],
        [ -515,  -685,  -363],
        [  362,   262,  -129],
        [-1191,  -880,    41],
        [   66, -1177,    -8],
        [-1328,  1252,   303],
        [  -18, -1226,    48],
        [ 1085,   775,   162],
        [ 1008,  -181,   167],
        [  303,   242,    -4],
        [-1395,   202, -1023],
        [ 1118, -1219, -1319],
        [   87,   937,  -832],
        [  -74,   238,  1431],
        [ -372,  -161,   356],
        [-1113,  1780,  -117],
        [  -21,  -162,    43],
        [  564,  -468,   515],
        [ -263,  -444,  -743],
        [ -268,    81,  1469],
        [-1408,   546,   204],
        [   69,   182,   954]])
matrix([[ -174, -1010,  -215],
        [  113, -1066,  1014],
        [ -477,  -326,  1249],
        [ -468, -1333, -1129],
        [ -559,  -961,  -363],
        [-1332,  -976,  -129],
        [  501,   258,    41],
        [-1388,  -455,    -8],
        [ -424,    46,   303],
        [-1218,  -422,    48],
        [   21,   -85,   162],
        [  -60,  1341,   167],
        [-1197,  -900,    -4],
        [  227,  1534, -1023],
        [  -30,   -35, -1319],
        [ 1041,  -153,  -832],
        [  984,  1220,  1431],
        [-1412,  1209,   356],
        [ -265,   -90,  -117],
        [  867, -1240,    43],
        [ -550,   402,   515],
        [ 1523,  1082,  -743],
        [ 1154,  1079,  1469],
        [ -170,  1254,   204],
        [  849, -1596,   954]])
matrix([[ -174,  -166, -1587],
        [  113,  -220,  -196],
        [ -477,  1508,   219],
        [ -468,   -17,  -457],
        [ -559,  -685,  -553],
        [-1332,   262,   823],
        [  501,  -880,   721],
        [-1388, -1177, -1142],
        [ -424,  1252,  1223],
        [-1218, -1226, -1290],
        [   21,   775, -1296],
        [  -60,  -181,  1167],
        [-1197,   242,   640],
        [  227,   202,   -91],
        [  -30, -1219,  -461],
        [ 1041,   937,  -122],
        [  984,   238,    25],
        [-1412,  -161,  1012],
        [ -265,  1780,  -943],
        [  867,  -162,   825],
        [ -550,  -468,  -657],
        [ 1523,  -444,   -15],
        [ 1154,    81,  -145],
        [ -170,   546, -1306],
        [  849,   182,  -152]])
matrix([[  982, -1010, -1587],
        [  943, -1066,  -196],
        [-1199,  -326,   219],
        [ 1248, -1333,  -457],
        [ -515,  -961,  -553],
        [  362,  -976,   823],
        [-1191,   258,   721],
        [   66,  -455, -1142],
        [-1328,    46,  1223],
        [  -18,  -422, -1290],
        [ 1085,   -85, -1296],
        [ 1008,  1341,  1167],
        [  303,  -900,   640],
        [-1395,  1534,   -91],
        [ 1118,   -35,  -461],
        [   87,  -153,  -122],
        [  -74,  1220,    25],
        [ -372,  1209,  1012],
        [-1113,   -90,  -943],
        [  -21, -1240,   825],
        [  564,   402,  -657],
        [ -263,  1082,   -15],
        [ -268,  1079,  -145],
        [-1408,  1254, -1306],
        [   69, -1596,  -152]])